17.761904761904763
17.714285714285715
17.61904761904762
17.428571428571427
17.095238095238095
17.333333333333332
17.333333333333332
17.61904761904762
17.61904761904762
17.571428571428573
17.285714285714285
17.523809523809526
17.571428571428573
17.333333333333332
16.952380952380953
17.0
17.428571428571427
17.047619047619047
17.047619047619047
16.714285714285715
16.857142857142858
17.285714285714285
17.428571428571427
17.476190476190474
17.666666666666668
18.095238095238095
17.857142857142858
18.047619047619047
17.80952380952381
18.19047619047619
18.571428571428573
18.761904761904763
18.80952380952381
18.857142857142858
18.952380952380953
19.142857142857142
19.238095238095237
19.095238095238095
19.333333333333332
19.095238095238095
19.333333333333332
19.38095238095238
18.904761904761905
18.857142857142858
19.047619047619047
19.0
19.0
19.19047619047619
19.047619047619047
19.047619047619047
18.857142857142858
18.666666666666668
18.666666666666668
18.571428571428573
18.523809523809526
18.714285714285715
18.80952380952381
18.571428571428573
18.476190476190474
18.476190476190474
18.80952380952381
18.761904761904763
18.761904761904763
19.0
18.857142857142858
18.857142857142858
19.0
18.952380952380953
19.0
19.0
18.952380952380953
18.904761904761905
19.0
19.047619047619047
19.19047619047619
19.047619047619047
18.80952380952381
18.904761904761905
18.904761904761905
19.095238095238095
18.761904761904763
18.666666666666668
18.666666666666668
18.666666666666668
18.714285714285715
18.857142857142858
18.80952380952381
18.714285714285715
18.714285714285715
18.38095238095238
18.428571428571427
18.476190476190474
18.38095238095238
18.19047619047619
17.904761904761905
17.571428571428573
17.80952380952381
17.857142857142858
17.61904761904762
18.047619047619047
18.047619047619047
18.285714285714285
18.38095238095238
18.38095238095238
18.38095238095238
18.285714285714285
18.238095238095237
18.38095238095238
18.142857142857142
18.142857142857142
18.476190476190474
18.523809523809526
18.476190476190474
18.61904761904762
18.80952380952381
19.0
19.19047619047619
18.857142857142858
18.857142857142858
19.142857142857142
18.80952380952381
18.714285714285715
18.714285714285715
18.476190476190474
18.523809523809526
18.714285714285715
18.904761904761905
19.0
18.761904761904763
18.857142857142858
18.904761904761905
18.714285714285715
18.61904761904762
18.428571428571427
18.142857142857142
18.0
17.904761904761905
17.857142857142858
17.80952380952381
17.80952380952381
17.80952380952381
17.761904761904763
17.857142857142858
17.666666666666668
17.666666666666668
17.476190476190474
17.333333333333332
17.285714285714285
17.333333333333332
17.238095238095237
17.238095238095237
17.19047619047619
17.0
17.047619047619047
17.142857142857142
17.476190476190474
17.61904761904762
17.857142857142858
18.047619047619047
18.238095238095237
18.19047619047619
18.095238095238095
18.142857142857142
18.095238095238095
18.38095238095238
18.523809523809526
18.428571428571427
18.666666666666668
18.428571428571427
18.285714285714285
18.142857142857142
18.285714285714285
18.333333333333332
18.61904761904762
18.523809523809526
18.61904761904762
18.428571428571427
18.38095238095238
18.095238095238095
17.952380952380953
17.61904761904762
17.714285714285715
17.904761904761905
18.285714285714285
18.285714285714285
18.142857142857142
17.80952380952381
17.80952380952381
17.285714285714285
17.285714285714285
17.047619047619047
17.333333333333332
17.142857142857142
17.095238095238095
17.142857142857142
17.142857142857142
17.285714285714285
17.38095238095238
17.19047619047619
16.952380952380953
17.047619047619047
17.238095238095237
17.142857142857142
16.80952380952381
16.095238095238095
16.0
16.523809523809526
16.952380952380953
17.095238095238095
17.285714285714285
17.428571428571427
17.904761904761905
17.904761904761905
17.952380952380953
17.952380952380953
17.61904761904762
17.666666666666668
17.476190476190474
17.238095238095237
17.61904761904762
17.80952380952381
17.904761904761905
17.857142857142858
17.761904761904763
17.761904761904763
18.476190476190474
18.666666666666668
17.80952380952381
17.714285714285715
17.714285714285715
18.142857142857142
18.0
17.476190476190474
17.523809523809526
17.476190476190474
17.571428571428573
17.761904761904763
17.476190476190474
17.476190476190474
17.666666666666668
17.523809523809526
17.61904761904762
17.285714285714285
17.333333333333332
17.238095238095237
17.38095238095238
17.0
17.0
17.38095238095238
17.333333333333332
17.142857142857142
16.857142857142858
16.714285714285715
17.142857142857142
17.142857142857142
16.952380952380953
17.0
16.80952380952381
17.238095238095237
17.333333333333332
17.476190476190474
17.428571428571427
17.095238095238095
17.238095238095237
17.333333333333332
17.666666666666668
17.80952380952381
17.857142857142858
17.428571428571427
17.666666666666668
17.904761904761905
18.142857142857142
17.857142857142858
18.0
17.904761904761905
17.761904761904763
17.952380952380953
17.904761904761905
18.142857142857142
18.047619047619047
17.952380952380953
17.80952380952381
18.0
18.333333333333332
18.142857142857142
18.142857142857142
17.952380952380953
17.666666666666668
17.761904761904763
18.142857142857142
17.61904761904762
17.333333333333332
17.238095238095237
17.428571428571427
17.571428571428573
17.476190476190474
17.38095238095238
17.61904761904762
17.571428571428573
17.571428571428573
17.285714285714285
17.238095238095237
17.19047619047619
17.047619047619047
16.857142857142858
17.0
17.19047619047619
17.19047619047619
17.285714285714285
17.285714285714285
17.095238095238095
17.333333333333332
17.333333333333332
17.19047619047619
17.047619047619047
17.285714285714285
17.61904761904762
18.0
17.571428571428573
17.571428571428573
17.61904761904762
17.857142857142858
18.095238095238095
18.38095238095238
18.38095238095238
18.476190476190474
18.523809523809526
18.523809523809526
18.80952380952381
18.80952380952381
18.666666666666668
18.761904761904763
18.476190476190474
18.571428571428573
18.61904761904762
18.666666666666668
18.095238095238095
17.666666666666668
17.476190476190474
17.80952380952381
17.761904761904763
17.714285714285715
17.428571428571427
17.19047619047619
16.761904761904763
16.857142857142858
16.952380952380953
16.904761904761905
17.0
17.047619047619047
17.285714285714285
17.571428571428573
17.666666666666668
17.80952380952381
17.666666666666668
17.714285714285715
17.761904761904763
18.19047619047619
18.047619047619047
18.285714285714285
18.238095238095237
18.19047619047619
18.333333333333332
18.714285714285715
18.952380952380953
19.333333333333332
19.19047619047619
18.80952380952381
18.904761904761905
18.571428571428573
18.19047619047619
17.80952380952381
17.761904761904763
17.714285714285715
17.857142857142858
18.238095238095237
18.142857142857142
18.047619047619047
18.0
18.333333333333332
18.142857142857142
18.0
18.047619047619047
17.904761904761905
17.761904761904763
17.61904761904762
17.333333333333332
17.333333333333332
17.80952380952381
17.857142857142858
18.095238095238095
18.428571428571427
18.476190476190474
18.333333333333332
18.38095238095238
18.523809523809526
18.047619047619047
18.19047619047619
18.142857142857142
18.095238095238095
17.904761904761905
17.80952380952381
17.857142857142858
17.904761904761905
17.761904761904763
17.952380952380953
18.238095238095237
18.285714285714285
18.238095238095237
18.0
17.714285714285715
17.761904761904763
17.428571428571427
17.428571428571427
17.285714285714285
17.333333333333332
17.476190476190474
17.666666666666668
17.80952380952381
17.952380952380953
17.952380952380953
18.095238095238095
18.0
18.333333333333332
18.047619047619047
18.333333333333332
18.238095238095237
18.047619047619047
18.19047619047619
18.047619047619047
18.428571428571427
18.476190476190474
18.285714285714285
18.333333333333332
18.428571428571427
18.428571428571427
18.333333333333332
18.19047619047619
17.80952380952381
17.61904761904762
17.714285714285715
17.666666666666668
17.571428571428573
17.714285714285715
17.285714285714285
17.571428571428573
17.61904761904762
17.238095238095237
17.095238095238095
17.238095238095237
17.476190476190474
17.333333333333332
17.476190476190474
17.61904761904762
17.714285714285715
17.571428571428573
17.61904761904762
17.523809523809526
17.333333333333332
17.476190476190474
17.523809523809526
17.523809523809526
17.61904761904762
17.761904761904763
17.761904761904763
17.714285714285715
17.761904761904763
17.428571428571427
17.61904761904762
17.857142857142858
17.476190476190474
17.238095238095237
17.142857142857142
16.952380952380953
16.666666666666668
16.571428571428573
16.476190476190474
16.523809523809526
16.857142857142858
16.904761904761905
17.238095238095237
17.238095238095237
17.38095238095238
17.19047619047619
17.19047619047619
17.238095238095237
17.571428571428573
17.476190476190474
17.761904761904763
18.0
17.904761904761905
17.857142857142858
18.0
18.047619047619047
18.428571428571427
18.666666666666668
18.61904761904762
19.047619047619047
19.095238095238095
18.904761904761905
19.0
18.80952380952381
18.666666666666668
18.428571428571427
18.666666666666668
18.666666666666668
18.571428571428573
18.19047619047619
18.238095238095237
18.047619047619047
18.238095238095237
18.428571428571427
18.714285714285715
18.666666666666668
18.428571428571427
18.142857142857142
18.238095238095237
18.19047619047619
17.904761904761905
17.952380952380953
17.80952380952381
17.571428571428573
17.38095238095238
17.238095238095237
17.285714285714285
17.19047619047619
17.142857142857142
17.047619047619047
17.095238095238095
17.047619047619047
17.047619047619047
16.904761904761905
16.476190476190474
16.571428571428573
16.61904761904762
16.761904761904763
16.61904761904762
16.428571428571427
16.571428571428573
16.523809523809526
16.38095238095238
16.38095238095238
16.761904761904763
17.047619047619047
17.61904761904762
17.714285714285715
17.476190476190474
17.428571428571427
17.523809523809526
17.714285714285715
17.761904761904763
18.095238095238095
17.857142857142858
18.047619047619047
17.952380952380953
17.952380952380953
17.714285714285715
17.904761904761905
17.904761904761905
17.952380952380953
18.095238095238095
17.952380952380953
18.095238095238095
17.857142857142858
17.904761904761905
17.476190476190474
17.476190476190474
17.428571428571427
17.476190476190474
17.285714285714285
17.19047619047619
17.142857142857142
16.523809523809526
16.476190476190474
16.61904761904762
16.761904761904763
16.80952380952381
17.19047619047619
17.142857142857142
17.142857142857142
17.095238095238095
17.0
17.095238095238095
16.80952380952381
16.61904761904762
16.238095238095237
16.0
16.0
16.38095238095238
16.523809523809526
16.80952380952381
16.904761904761905
16.666666666666668
16.857142857142858
17.238095238095237
17.095238095238095
17.047619047619047
17.142857142857142
16.904761904761905
17.047619047619047
17.047619047619047
17.095238095238095
17.19047619047619
17.19047619047619
17.333333333333332
17.61904761904762
17.857142857142858
18.238095238095237
17.952380952380953
17.761904761904763
17.857142857142858
17.714285714285715
17.80952380952381
18.0
18.142857142857142
17.80952380952381
17.904761904761905
17.571428571428573
17.285714285714285
17.61904761904762
17.666666666666668
17.666666666666668
17.61904761904762
17.714285714285715
17.714285714285715
17.857142857142858
17.904761904761905
17.904761904761905
17.761904761904763
17.904761904761905
17.571428571428573
17.38095238095238
17.19047619047619
17.285714285714285
17.428571428571427
17.333333333333332
17.523809523809526
17.571428571428573
17.904761904761905
18.0
17.714285714285715
17.61904761904762
17.666666666666668
17.761904761904763
17.666666666666668
17.714285714285715
17.571428571428573
17.333333333333332
17.238095238095237
17.61904761904762
17.857142857142858
18.0
18.0
18.047619047619047
17.61904761904762
17.571428571428573
17.666666666666668
17.714285714285715
17.571428571428573
17.571428571428573
17.523809523809526
17.428571428571427
17.38095238095238
17.095238095238095
16.857142857142858
16.761904761904763
17.047619047619047
17.19047619047619
17.523809523809526
17.571428571428573
17.238095238095237
17.333333333333332
17.476190476190474
17.38095238095238
17.333333333333332
17.666666666666668
17.476190476190474
17.523809523809526
17.476190476190474
17.523809523809526
17.285714285714285
17.904761904761905
18.0
17.952380952380953
18.38095238095238
18.428571428571427
18.61904761904762
18.476190476190474
18.047619047619047
17.761904761904763
17.761904761904763
17.952380952380953
17.61904761904762
17.476190476190474
17.38095238095238
17.761904761904763
17.714285714285715
17.761904761904763
17.952380952380953
17.80952380952381
17.952380952380953
18.047619047619047
17.523809523809526
17.666666666666668
17.714285714285715
17.476190476190474
17.666666666666668
17.476190476190474
17.047619047619047
17.476190476190474
17.428571428571427
17.666666666666668
17.428571428571427
17.571428571428573
17.761904761904763
18.238095238095237
18.19047619047619
18.19047619047619
18.19047619047619
17.952380952380953
18.047619047619047
18.095238095238095
18.0
18.238095238095237
18.19047619047619
18.238095238095237
18.285714285714285
18.428571428571427
18.523809523809526
18.857142857142858
18.761904761904763
19.095238095238095
18.761904761904763
18.904761904761905
18.857142857142858
18.952380952380953
18.476190476190474
18.333333333333332
18.333333333333332
18.38095238095238
18.428571428571427
18.523809523809526
18.38095238095238
18.238095238095237
17.952380952380953
17.666666666666668
17.714285714285715
17.666666666666668
17.19047619047619
17.0
17.047619047619047
17.095238095238095
16.904761904761905
17.0
17.047619047619047
16.904761904761905
17.095238095238095
17.285714285714285
17.285714285714285
17.285714285714285
17.333333333333332
17.238095238095237
17.238095238095237
17.19047619047619
17.571428571428573
17.666666666666668
17.857142857142858
17.714285714285715
17.761904761904763
18.047619047619047
18.523809523809526
18.523809523809526
18.285714285714285
18.19047619047619
18.38095238095238
18.238095238095237
18.666666666666668
18.38095238095238
18.285714285714285
18.333333333333332
18.38095238095238
18.428571428571427
18.61904761904762
18.571428571428573
18.523809523809526
18.38095238095238
18.285714285714285
18.523809523809526
18.476190476190474
18.428571428571427
18.238095238095237
18.0
18.095238095238095
18.38095238095238
18.476190476190474
18.333333333333332
18.571428571428573
18.19047619047619
18.285714285714285
18.333333333333332
18.476190476190474
18.428571428571427
18.523809523809526
18.285714285714285
18.142857142857142
18.095238095238095
18.142857142857142
18.238095238095237
17.714285714285715
17.857142857142858
18.047619047619047
18.333333333333332
18.047619047619047
18.047619047619047
17.857142857142858
17.80952380952381
17.904761904761905
17.761904761904763
17.952380952380953
18.0
18.047619047619047
17.666666666666668
17.714285714285715
17.61904761904762
17.761904761904763
17.714285714285715
17.761904761904763
17.761904761904763
18.0
18.333333333333332
18.428571428571427
18.285714285714285
18.19047619047619
18.142857142857142
17.952380952380953
18.142857142857142
18.38095238095238
18.19047619047619
18.333333333333332
18.285714285714285
18.238095238095237
18.38095238095238
18.571428571428573
18.476190476190474
18.523809523809526
18.571428571428573
18.523809523809526
18.571428571428573
18.857142857142858
18.714285714285715
18.857142857142858
18.523809523809526
18.61904761904762
18.666666666666668
19.0
19.571428571428573
19.333333333333332
19.19047619047619
19.38095238095238
19.285714285714285
19.095238095238095
19.047619047619047
19.19047619047619
19.238095238095237
19.238095238095237
19.047619047619047
18.952380952380953
19.142857142857142
18.80952380952381
