0
18
18
20
17
16
17
16
15
14
24
15
19
21
20
16
11
23
20
24
13
16
17
16
16
10
21
17
22
15
13
18
20
20
16
12
17
20
15
20
17
16
25
20
17
20
19
16
21
17
23
21
22
21
21
18
16
19
17
20
15
22
17
15
19
21
19
19
20
18
17
19
17
22
19
20
22
18
14
15
20
22
21
17
20
16
21
22
18
21
18
16
18
19
23
22
17
17
20
14
19
13
20
21
17
21
19
20
20
18
14
19
17
16
15
17
15
22
18
15
23
19
18
22
21
17
19
18
23
15
18
21
20
16
19
19
21
19
15
18
21
16
17
18
17
22
21
23
20
18
17
19
17
18
12
13
16
19
18
14
18
21
15
19
14
17
18
18
22
21
16
17
18
13
19
14
20
19
24
22
18
17
19
16
18
20
20
16
23
17
18
13
20
19
19
17
16
16
18
18
19
11
19
23
24
18
17
13
16
12
17
13
19
16
18
20
17
19
18
14
13
21
15
17
16
9
16
28
22
19
16
20
23
19
17
18
13
18
15
13
22
17
23
14
15
16
24
20
10
20
19
25
17
12
20
16
20
17
12
15
17
19
19
16
15
13
19
16
20
18
19
15
19
14
21
20
12
21
13
21
17
20
18
12
19
17
20
22
17
11
23
24
20
13
17
19
17
16
20
18
19
15
17
22
19
15
17
16
16
19
19
12
18
18
17
20
17
15
21
19
18
13
14
16
19
15
18
21
16
18
19
15
17
18
15
14
25
24
23
12
19
19
18
19
22
19
17
19
21
22
18
16
17
11
20
16
15
13
15
19
19
18
18
12
14
13
21
19
18
23
23
23
22
19
14
17
17
16
22
12
24
18
17
21
20
19
21
18
11
20
16
15
15
21
18
17
25
15
14
21
19
20
15
18
18
17
16
15
18
21
21
21
22
16
18
19
20
15
18
13
20
15
18
16
19
15
21
22
16
17
16
15
22
15
16
15
20
23
19
21
16
20
18
16
23
13
21
19
18
19
14
24
16
18
16
18
15
18
20
11
17
18
19
16
19
14
19
22
11
15
22
19
21
19
21
18
15
16
16
16
14
18
18
21
19
19
13
20
15
15
20
14
14
19
15
15
16
13
17
23
17
21
18
21
17
19
20
20
18
21
20
18
13
17
20
23
20
15
22
18
19
19
17
15
16
22
19
18
12
19
17
24
22
19
16
15
17
22
14
16
19
16
14
13
12
17
20
18
16
13
18
17
21
13
21
17
18
14
18
17
15
16
16
22
19
24
19
15
17
18
17
19
24
16
17
19
17
13
18
18
18
18
13
19
17
20
15
19
14
18
14
15
18
11
15
20
22
18
21
17
18
17
16
15
13
13
12
10
19
22
21
20
17
13
15
23
17
21
20
16
20
18
18
18
15
16
19
17
18
13
18
23
17
19
17
18
16
19
14
14
23
21
18
17
20
15
19
20
17
15
16
11
19
13
21
20
16
20
20
21
16
17
19
19
19
18
16
16
15
15
23
21
14
19
14
12
19
18
21
17
21
15
15
18
13
14
16
22
19
22
16
16
23
17
17
13
19
15
19
20
18
16
28
17
17
22
15
20
19
10
16
16
20
16
14
15
21
18
16
23
17
21
18
17
20
18
17
19
16
10
19
15
21
15
19
18
25
20
18
16
18
19
22
16
22
19
19
18
22
18
17
17
22
14
18
18
20
15
17
18
17
19
21
19
13
16
13
20
17
12
14
18
18
18
16
19
15
24
19
17
18
18
17
21
18
21
18
17
17
18
18
24
18
13
16
20
16
24
18
17
18
19
19
21
20
17
18
16
22
16
17
14
19
20
19
18
17
21
16
20
18
21
18
21
16
17
16
19
18
11
19
21
20
13
20
15
17
19
18
20
21
19
13
19
19
19
16
17
19
23
18
21
18
18
12
16
19
22
15
21
19
20
22
17
17
20
20
15
18
25
20
21
14
20
19
19
28
14
19
19
19
15
19
25
18
17
16
18
19
11
